178 7
177 8
176 8
175 8
174 9
173 9
172 9
171 9
170 9
169 10
168 10
167 11
167 12
167 13
166 14
166 15
165 16
165 17
164 18
164 19
165 20
166 20
167 21
168 22
168 23
167 24
166 25
165 26
164 27
163 28
162 28
161 29
160 29
159 28
159 27
160 26
160 25
160 24
160 23
160 22
160 21
160 20
160 19
159 18
158 18
157 18
156 18
155 19
154 20
153 21
152 21
151 22
150 21
149 22
148 22
147 22
147 23
147 24
147 25
146 26
146 27
145 28
144 28
143 29
143 30
143 31
143 32
144 33
145 32
146 32
147 31
148 30
149 30
150 30
151 30
152 31
153 32
153 33
154 34
155 35
155 36
156 37
157 37
158 37
159 37
160 38
161 39
160 40
160 41
160 42
159 43
160 44
160 45
161 46
161 47
161 48
162 49
163 50
164 51
165 51
166 50
167 50
168 50
169 51
170 52
171 53
172 54
172 55
173 56
174 57
174 58
175 59
176 60
176 61
176 62
177 63
177 64
178 65
178 66
178 67
178 68
178 69
179 70
180 71
181 72
181 73
181 74
181 75
182 76
182 77
183 78
183 79
184 80
184 81
184 82
184 83
185 84
185 85
185 86
185 87
185 88
185 89
186 90
187 91
188 92
187 93
186 94
185 94
184 94
183 93
182 93
181 93
180 93
179 94
178 94
177 95
176 96
175 97
174 98
173 98
172 98
171 99
170 99
170 100
169 101
168 102
167 103
166 104
166 105
165 106
164 107
164 108
163 109
163 110
163 111
163 112
163 113
163 114
163 115
162 116
162 117
162 118
162 119
163 120
163 121
163 122
163 123
164 124
164 125
164 126
164 127
164 128
164 129
164 130
164 131
165 132
165 133
165 134
166 135
166 136
166 137
166 138
167 139
167 140
167 141
167 142
168 143
168 144
168 145
168 146
167 147
166 148
165 148
164 148
163 147
162 146
161 146
160 145
159 144
158 143
157 142
156 141
155 140
154 139
153 138
153 137
152 136
152 135
152 134
152 133
151 132
151 131
151 130
151 129
150 128
150 127
149 126
148 125
147 124
146 123
145 122
144 122
143 121
142 121
141 121
140 120
139 119
138 118
139 117
139 116
139 115
139 114
139 113
139 112
140 111
141 111
141 110
141 109
141 108
142 107
143 107
143 106
144 105
145 105
145 104
146 103
146 102
146 101
146 100
147 99
147 98
147 97
147 96
147 95
148 94
148 93
148 92
149 91
149 90
149 89
149 88
148 88
147 87
147 86
146 86
145 85
145 84
144 83
143 82
142 82
141 81
140 81
139 82
138 82
137 82
136 82
135 81
134 81
133 82
132 83
132 84
131 85
131 86
130 87
130 88
130 89
129 90
129 91
129 92
129 93
129 94
129 95
129 96
128 97
127 97
126 96
125 95
125 94
124 93
123 92
122 91
121 91
120 91
119 91
118 90
117 89
117 88
117 87
117 86
117 85
117 84
116 83
117 82
116 81
116 80
116 79
115 78
115 77
116 76
115 75
116 74
116 73
116 72
116 71
116 70
116 69
116 68
117 67
118 66
119 66
120 65
121 65
122 64
123 64
124 64
125 63
126 63
127 62
128 62
129 62
130 61
131 61
132 62
133 62
134 61
135 61
136 60
136 59
136 58
135 57
134 56
135 55
136 55
137 54
137 53
138 52
139 51
138 51
137 50
136 50
135 50
134 50
133 49
132 48
132 47
133 46
133 45
133 44
132 43
131 43
130 42
129 42
128 43
127 43
126 43
125 44
124 43
124 42
123 41
122 41
121 40
120 40
119 41
118 41
117 42
116 43
115 44
114 45
113 45
112 46
111 47
110 47
109 46
108 45
107 44
106 43
105 43
104 44
103 45
103 46
103 47
103 48
103 49
103 50
103 51
103 52
103 53
104 54
103 55
102 56
101 56
100 55
99 55
98 55
97 55
96 55
95 55
94 54
94 53
94 52
95 51
95 50
96 49
96 48
97 47
98 46
98 45
98 44
98 43
98 42
98 41
99 40
99 39
100 38
101 38
102 38
103 38
104 38
105 38
105 37
105 36
105 35
104 34
103 33
102 32
101 31
101 30
100 29
100 28
100 27
100 26
100 25
100 24
100 23
99 22
99 21
98 20
98 19
98 18
97 17
96 16
95 16
94 15
93 14
92 14
91 13
90 13
89 13
88 13
87 13
86 13
85 13
84 13
83 13
82 13
81 13
80 13
79 14
78 14
77 14
76 14
75 14
74 15
73 15
72 15
71 15
70 15
69 16
68 16
68 17
67 18
67 19
66 20
65 20
65 21
64 22
63 22
63 23
63 24
62 25
61 25
61 26
61 27
60 28
60 29
60 30
60 31
60 32
60 33
60 34
60 35
60 36
61 37
61 38
61 39
61 40
61 41
61 42
61 43
61 44
61 45
62 46
62 47
63 48
64 49
65 50
65 51
65 52
65 53
64 54
63 54
63 55
63 56
62 57
61 56
60 56
59 56
58 55
57 55
56 55
55 55
54 55
53 55
52 55
51 55
51 56
50 57
49 58
48 59
47 59
46 60
45 61
44 62
43 62
42 63
41 64
41 65
40 66
39 67
38 68
38 69
38 70
38 71
38 72
38 73
37 74
37 75
37 76
37 77
36 78
36 79
36 80
37 81
37 82
36 83
36 84
36 85
35 86
35 87
35 88
35 89
35 90
34 91
34 92
34 93
34 94
34 95
34 96
34 97
34 98
34 99
34 100
34 101
34 102
33 103
33 104
33 105
33 106
33 107
33 108
33 109
33 110
33 111
33 112
33 113
33 114
33 115
33 116
33 117
33 118
33 119
33 120
33 121
33 122
33 123
33 124
34 125
34 126
34 127
35 128
35 129
35 130
35 131
35 132
35 133
35 134
35 135
35 136
34 137
34 138
34 139
34 140
34 141
34 142
34 143
34 144
34 145
34 146
34 147
33 148
33 149
33 150
33 151
33 152
34 153
34 154
34 155
34 156
34 157
33 158
33 159
32 160
31 160
30 160
29 160
28 160
27 160
26 160
25 161
24 162
23 163
23 164
23 165
23 166
23 167
23 168
24 169
24 170
25 171
25 172
26 173
26 174
27 175
26 176
26 177
26 178
26 179
26 180
26 181
25 182
24 182
23 182
23 183
23 184
23 185
23 186
23 187
23 188
23 189
23 190
23 191
23 192
23 193
23 194
23 195
23 196
23 197
23 198
23 199
23 200
23 201
23 202
23 203
23 204
23 205
23 206
23 207
23 208
23 209
23 210
23 211
23 212
23 213
23 214
23 215
23 216
23 217
23 218
24 219
24 218
25 217
26 217
27 217
28 218
29 219
30 220
30 221
31 221
32 222
33 222
34 223
35 224
36 225
37 226
38 227
39 228
40 229
41 230
42 230
43 231
44 232
45 232
46 233
47 233
48 234
49 235
49 236
49 237
49 238
49 239
49 240
49 241
49 242
48 243
48 244
48 245
47 246
47 247
47 248
47 249
48 250
48 251
47 252
47 253
47 254
47 255
47 256
46 257
46 258
45 259
45 260
45 261
45 262
45 263
45 264
46 265
46 266
46 267
47 268
47 269
47 270
47 271
47 272
47 273
48 274
48 275
48 276
48 277
48 278
48 279
48 280
48 281
48 282
48 283
48 284
48 285
48 286
48 287
48 288
48 289
48 290
49 291
49 292
49 293
48 294
48 295
47 296
46 297
46 298
46 299
46 300
47 301
47 302
48 303
49 304
50 304
51 304
52 304
53 305
54 305
55 306
56 306
57 306
58 307
59 307
60 308
61 308
62 309
63 310
64 310
65 311
66 311
67 312
68 312
69 312
70 312
71 312
72 312
73 312
73 311
74 310
75 309
76 309
77 309
78 309
79 309
80 310
81 310
82 310
83 310
84 311
85 311
86 312
87 312
88 312
89 311
90 311
91 311
92 312
93 312
94 312
95 312
96 312
97 312
98 312
99 312
100 312
101 312
102 312
103 312
104 312
105 312
106 312
107 313
108 313
109 313
110 313
111 313
112 313
113 313
114 313
115 313
116 313
117 313
118 313
119 313
120 313
121 313
122 313
123 313
124 313
125 312
126 313
127 313
128 313
129 313
130 313
131 313
132 313
133 313
134 313
135 313
136 313
137 313
138 313
139 313
140 313
141 313
142 313
143 313
144 313
145 313
146 313
147 313
148 313
149 313
150 313
151 313
152 313
152 312
151 311
150 310
150 309
149 308
148 308
147 307
146 306
145 305
144 305
143 304
142 304
141 303
140 302
139 301
139 300
138 299
137 298
137 297
137 296
137 295
137 294
137 293
137 292
138 291
138 290
138 289
138 288
137 287
137 286
138 285
138 284
139 283
139 282
139 281
139 280
139 279
139 278
138 277
138 276
138 275
138 274
138 273
138 272
138 271
138 270
138 269
138 268
138 267
138 266
138 265
138 264
138 263
138 262
138 261
138 260
138 259
138 258
138 257
138 256
138 255
138 254
138 253
138 252
138 251
138 250
138 249
138 248
138 247
138 246
138 245
138 244
138 243
138 242
138 241
137 240
137 239
137 238
137 237
137 236
137 235
137 234
137 233
137 232
138 231
138 230
138 229
139 228
140 227
141 226
142 225
143 224
144 224
145 223
146 222
147 221
147 220
148 219
149 219
149 218
150 217
151 216
152 215
153 214
154 213
155 212
156 211
157 212
158 213
159 214
160 215
161 215
162 216
163 216
164 217
164 218
165 219
166 220
166 221
167 222
167 223
168 224
169 225
169 226
170 227
170 228
171 229
171 230
172 231
172 232
173 233
174 234
174 235
175 236
175 237
175 238
176 239
177 240
177 241
177 242
178 243
178 244
179 245
179 246
180 247
180 248
181 249
181 250
181 251
182 252
182 253
183 254
183 255
184 256
184 257
184 258
184 259
185 260
185 261
185 262
185 263
185 264
186 265
186 266
186 267
186 268
185 269
184 270
183 270
182 270
181 271
180 271
179 272
179 273
179 274
178 275
178 276
179 277
179 278
179 279
180 280
181 281
182 281
183 281
184 281
185 281
186 281
187 281
188 281
189 281
190 281
191 281
192 281
193 281
194 281
195 281
196 281
197 281
198 281
199 281
200 280
201 281
201 282
201 283
201 284
201 285
201 286
201 287
201 288
200 289
199 289
198 290
197 290
196 291
195 292
194 293
193 294
192 295
191 296
190 296
189 297
188 297
187 297
186 297
185 297
184 297
183 297
182 297
181 297
180 297
179 297
178 297
177 297
176 297
175 297
174 297
173 298
172 299
172 300
171 301
171 302
170 303
170 304
170 305
170 306
169 307
169 308
168 309
168 310
168 311
168 312
167 313
168 313
169 313
170 313
171 313
172 313
173 313
174 313
175 313
176 313
177 313
178 313
179 313
180 313
181 313
182 313
183 313
184 313
185 313
186 313
187 313
188 313
189 313
190 313
191 313
192 313
193 313
194 313
195 313
196 313
197 313
198 313
199 313
200 313
201 313
202 313
203 313
204 313
205 313
206 313
207 313
208 313
209 313
210 313
211 313
212 313
213 313
214 313
215 313
216 313
217 313
218 313
219 313
220 313
221 313
222 313
223 313
224 313
225 313
226 313
227 313
228 313
229 313
230 313
231 313
232 313
233 313
234 313
235 313
236 313
237 313
238 313
239 313
240 313
241 313
242 313
243 313
244 313
245 313
246 313
247 313
248 313
249 313
250 313
251 313
252 313
253 313
254 313
255 313
254 312
254 311
253 310
253 309
253 308
253 307
254 306
255 305
255 304
254 304
253 304
252 304
251 304
250 303
250 302
250 301
250 300
250 299
250 298
250 297
250 296
249 296
248 296
247 296
246 296
245 296
244 296
243 296
242 296
241 296
240 296
239 295
238 295
237 295
236 295
235 295
234 294
233 293
232 292
231 291
231 290
231 289
231 288
232 287
232 286
233 285
233 284
233 283
233 282
234 281
234 280
235 279
236 278
237 277
238 277
239 277
240 277
241 277
242 276
243 276
244 276
245 276
246 276
247 276
248 275
249 275
250 275
251 275
252 274
253 274
254 274
255 274
256 273
257 273
258 273
259 273
260 273
261 273
262 273
263 274
264 274
265 275
266 276
267 276
268 276
269 276
270 276
271 276
272 277
273 277
274 277
275 277
276 277
277 276
277 275
278 274
278 273
277 272
277 271
276 270
275 269
275 268
275 267
276 266
276 265
277 264
277 263
278 262
279 261
280 261
281 262
282 262
283 262
284 262
285 262
286 262
287 261
288 261
289 261
290 262
291 261
292 261
293 261
294 260
294 259
295 258
296 258
297 259
297 260
297 261
298 261
299 261
300 261
301 261
302 261
303 261
304 261
305 262
306 262
307 262
308 262
309 261
310 261
311 261
312 261
313 261
314 262
315 262
316 262
317 262
318 262
319 262
320 262
321 262
322 262
323 263
324 264
325 265
326 266
326 267
327 268
327 269
328 270
328 271
329 272
329 273
329 274
329 275
329 276
330 277
331 278
331 279
331 280
331 281
331 282
331 283
331 284
331 285
331 286
331 287
331 288
332 289
333 290
333 291
332 292
332 293
332 294
332 295
332 296
332 297
333 298
334 299
335 299
336 299
337 299
338 299
339 299
340 299
341 299
342 300
342 301
343 302
343 303
343 304
343 303
343 302
343 301
343 300
343 299
343 298
343 297
343 296
343 295
343 294
343 293
343 292
343 291
343 290
343 289
343 288
343 287
343 286
343 285
343 284
343 283
343 282
343 281
343 280
343 279
343 278
343 277
343 276
343 275
343 274
343 273
343 272
343 271
343 270
343 269
343 268
343 267
342 267
341 266
341 265
341 264
342 263
343 262
343 261
343 260
343 259
343 258
343 257
343 256
342 257
341 258
340 258
339 258
338 258
337 258
336 258
335 258
334 258
333 257
333 256
333 255
334 254
335 254
336 254
337 255
338 254
339 254
339 253
339 252
339 251
340 250
341 250
342 250
343 251
343 250
343 249
343 248
343 247
343 246
342 245
341 244
341 243
340 242
340 241
340 240
340 239
340 238
340 237
340 236
340 235
339 234
339 233
339 232
339 231
339 230
338 229
338 228
338 227
338 226
338 225
337 224
337 223
337 222
337 221
337 220
337 219
337 218
337 217
337 216
337 215
337 214
337 213
337 212
336 211
336 210
336 209
336 208
336 207
336 206
337 205
337 204
337 203
337 202
337 201
336 200
337 199
338 198
339 198
339 197
340 196
341 195
342 194
343 193
343 192
343 191
343 190
343 189
343 188
343 187
343 186
343 185
343 184
343 183
343 182
343 181
343 180
342 181
341 182
340 182
339 182
338 181
339 180
340 179
340 178
341 177
342 177
343 176
343 175
343 174
343 173
343 172
343 171
342 171
341 172
340 172
339 172
338 171
338 170
339 169
339 168
339 167
339 166
340 165
340 164
340 163
341 162
340 161
340 160
340 159
340 158
340 157
339 156
339 155
339 154
339 153
338 152
338 151
337 150
336 150
335 149
334 148
333 148
332 147
331 146
330 145
329 145
328 144
327 144
326 143
325 143
324 143
323 143
322 143
321 143
320 143
319 143
318 144
317 144
316 144
315 144
314 144
313 144
312 144
311 145
310 145
309 146
308 146
307 147
306 147
305 148
304 149
303 149
302 150
301 151
300 151
299 152
298 152
297 153
296 153
295 152
294 151
293 150
292 149
292 148
291 147
290 146
290 145
290 144
289 143
289 142
289 141
288 140
287 139
287 138
286 137
286 136
285 135
284 134
283 133
283 132
282 131
281 130
280 130
279 129
278 129
277 128
277 127
276 126
275 125
275 124
274 123
273 122
273 121
272 120
272 119
272 118
271 117
271 116
270 115
270 114
270 113
269 112
268 111
268 110
267 109
266 109
265 108
264 107
263 106
262 105
262 104
261 103
260 102
260 101
260 100
261 99
261 98
262 97
262 96
262 95
262 94
263 93
263 92
263 91
264 90
265 89
266 88
266 87
267 86
267 85
268 84
268 83
269 82
270 81
271 80
272 79
273 78
273 77
273 76
274 75
274 74
275 73
276 72
276 71
277 70
278 69
279 69
280 69
281 69
282 69
283 69
284 69
285 68
286 67
285 66
284 65
284 64
283 63
282 63
281 62
280 61
279 60
278 59
278 58
279 57
280 57
281 57
282 57
283 57
284 57
285 56
286 55
287 54
287 53
287 52
287 51
286 50
286 49
286 48
286 47
286 46
287 45
287 44
288 43
287 42
287 41
287 40
286 39
285 39
284 38
283 38
282 39
281 39
280 40
279 40
278 41
278 42
277 43
277 44
277 45
277 46
276 47
275 47
274 48
273 48
273 49
273 50
273 51
274 52
274 53
274 54
274 55
273 56
272 57
271 57
270 57
269 56
268 55
267 55
266 55
265 55
264 55
263 55
262 56
262 57
262 58
262 59
262 60
263 60
264 61
265 61
266 62
266 63
267 64
268 65
268 66
268 67
267 68
266 69
266 70
266 71
266 72
265 73
265 74
264 75
263 76
263 77
262 78
262 79
262 80
261 81
260 82
259 83
259 84
259 85
258 86
258 87
257 88
256 89
255 89
254 88
253 87
252 86
251 85
250 84
250 83
249 82
248 81
247 80
246 79
245 79
244 78
243 78
242 78
241 77
240 77
239 76
238 76
237 76
236 76
235 75
234 75
233 75
232 75
231 75
230 75
229 75
228 75
227 76
226 76
225 76
224 76
223 76
222 77
221 77
220 76
220 75
219 74
219 73
219 72
218 71
217 71
216 70
215 69
214 68
213 67
214 66
214 65
214 64
213 63
212 62
211 62
210 61
209 61
208 60
207 59
207 58
207 57
207 56
207 55
207 54
206 55
205 56
204 56
203 56
202 55
201 55
200 54
199 54
198 53
197 53
196 53
195 53
194 53
193 53
192 53
193 53
194 53
195 53
196 54
197 54
198 55
198 56
197 57
198 58
199 59
200 59
200 58
199 57
199 56
200 55
201 55
202 56
203 57
204 58
205 59
205 60
204 61
203 61
204 62
204 63
204 64
204 65
204 66
203 67
202 67
201 68
200 69
199 69
198 69
197 70
197 71
196 72
196 73
195 74
194 73
193 72
192 72
192 73
191 74
190 73
190 72
189 71
188 71
187 70
186 69
185 68
184 67
184 66
183 66
182 66
181 65
181 64
181 63
181 62
182 61
182 60
182 59
182 58
182 57
183 56
184 57
185 57
186 58
187 58
187 57
187 56
187 55
188 54
188 53
187 52
187 51
186 50
185 50
184 49
184 48
184 47
185 46
186 45
187 44
187 43
186 43
185 43
184 44
183 43
183 42
183 41
184 40
185 39
186 39
187 39
186 38
185 38
184 38
183 39
182 39
181 40
180 41
179 41
179 42
180 43
180 44
181 45
182 46
182 47
183 48
184 49
185 50
186 51
186 52
186 53
186 54
185 55
184 55
183 56
182 55
182 54
181 53
181 52
180 51
180 50
179 49
179 48
178 47
177 46
176 45
176 44
175 43
175 42
174 42
173 41
172 40
171 40
170 39
170 38
169 37
170 36
171 36
172 35
173 35
174 34
175 33
176 33
177 33
178 34
179 33
180 33
181 34
182 35
183 35
184 36
185 36
185 35
184 35
183 34
182 34
181 33
182 32
183 31
184 30
185 29
184 30
183 29
183 28
183 27
184 26
185 25
186 24
187 24
188 25
189 25
190 25
191 24
192 25
193 25
194 25
195 26
195 27
196 28
197 27
198 26
199 26
200 25
199 25
198 25
197 26
196 25
196 24
196 23
197 22
198 21
199 21
200 22
201 22
202 22
203 22
204 21
205 22
205 23
205 24
205 25
205 26
205 27
205 28
205 29
204 30
203 30
202 31
201 32
200 31
199 31
198 31
197 32
196 33
195 34
195 35
195 36
195 37
196 38
196 39
196 40
197 41
197 42
198 42
199 42
200 43
201 44
201 45
201 46
201 47
201 48
202 49
203 49
204 50
205 50
206 51
207 51
207 50
207 49
208 48
209 47
209 46
210 45
210 44
210 43
210 42
210 41
210 40
210 39
210 38
209 37
209 36
208 35
208 34
208 33
207 32
207 31
206 30
206 29
206 28
206 27
206 26
206 25
206 24
206 23
206 22
206 21
206 20
206 19
207 18
208 19
209 18
209 17
210 16
211 16
212 16
213 15
213 14
212 13
212 12
211 12
210 12
209 12
208 11
207 10
206 10
205 10
204 11
203 11
202 10
202 9
201 8
200 8
199 8
198 8
197 9
196 9
195 10
194 10
193 10
192 9
191 9
190 9
189 9
188 9
187 10
186 10
185 10
184 9
183 8
182 8
181 9
180 8
179 8