74 2
74 3
74 4
74 5
74 6
73 7
74 8
73 9
73 10
73 11
72 12
72 13
71 14
71 15
71 16
70 17
70 18
70 19
70 20
70 21
70 22
70 23
70 24
70 25
71 26
71 27
71 28
71 29
71 30
71 31
72 32
73 33
73 34
73 35
73 36
73 37
73 38
73 39
73 40
73 41
73 42
74 43
74 44
74 45
73 46
74 47
74 48
73 49
73 50
73 51
73 52
73 53
73 54
72 55
71 55
70 54
69 54
68 53
67 53
66 52
65 52
64 51
63 51
62 51
61 51
60 51
59 50
58 50
57 50
56 50
55 51
54 51
53 51
52 52
51 52
50 53
49 53
48 54
47 54
46 55
45 55
44 56
43 57
42 58
41 59
40 59
40 60
40 61
39 62
39 63
38 64
38 65
38 66
38 67
38 68
39 68
40 68
41 69
42 70
42 71
42 72
42 73
42 74
42 75
42 76
42 77
42 78
42 79
42 80
42 81
41 82
41 83
41 84
41 85
41 86
41 87
41 88
41 89
41 90
40 91
39 92
38 93
37 94
36 95
35 95
34 96
33 96
32 97
31 98
30 99
29 99
28 100
28 101
27 102
27 103
26 104
26 105
26 106
26 107
26 108
26 109
25 110
25 111
25 112
25 113
25 114
25 115
26 116
26 117
26 118
26 119
25 120
24 121
23 121
22 121
21 122
20 122
19 122
18 123
17 124
16 125
15 125
14 126
13 127
12 128
11 129
10 130
10 131
9 132
8 132
8 133
7 134
6 135
6 136
5 137
5 138
5 139
5 140
4 141
4 142
3 143
3 144
3 145
3 146
2 147
2 148
2 149
2 150
1 151
1 152
1 153
1 154
1 155
1 156
1 157
1 158
1 159
1 160
2 161
2 162
2 163
2 164
2 165
2 166
3 167
3 168
3 169
3 170
3 171
4 172
4 173
4 174
4 175
4 176
5 177
5 178
5 179
5 180
6 181
6 182
6 183
6 184
7 185
7 186
7 187
8 188
8 189
9 190
9 191
10 192
10 193
11 194
11 195
12 196
12 197
12 198
13 199
13 200
14 201
14 202
14 203
15 204
15 205
16 206
16 207
16 208
17 209
17 210
18 211
18 212
19 213
19 214
19 215
20 216
20 217
21 218
21 219
21 220
22 221
22 222
23 223
24 224
24 225
24 226
25 227
26 228
26 229
27 230
27 231
26 232
25 233
25 234
25 235
24 236
24 237
24 238
24 239
24 240
24 241
24 242
25 243
26 243
27 244
28 244
29 244
30 245
31 245
32 245
33 246
34 246
35 246
36 246
37 246
38 247
38 248
37 249
37 250
37 251
37 252
37 253
37 254
36 255
36 256
36 257
36 258
37 259
37 260
37 261
37 262
37 263
37 264
37 265
37 266
37 267
37 268
37 269
37 270
37 271
37 272
37 273
37 274
37 275
37 276
37 277
37 278
37 279
38 280
38 281
38 282
38 283
38 284
38 285
38 286
38 287
38 288
38 289
39 290
39 291
39 292
39 293
39 294
39 295
38 296
38 297
38 298
38 299
38 300
38 301
38 302
38 303
39 304
39 305
39 306
40 307
40 308
41 308
42 309
42 310
42 311
42 312
43 313
44 313
45 313
46 314
46 315
45 316
45 317
45 318
45 319
45 320
45 321
45 322
45 323
45 324
44 325
44 326
44 327
44 328
44 329
44 330
44 331
44 332
44 333
44 334
44 335
45 336
44 337
44 338
44 339
44 340
44 341
44 342
44 343
44 344
44 345
44 346
44 347
44 348
44 349
44 350
44 351
44 352
44 353
44 354
44 355
44 356
44 357
44 358
43 359
43 360
43 361
43 362
43 363
43 364
43 365
43 366
42 367
42 368
42 369
41 370
40 370
39 370
38 370
37 370
36 370
35 370
34 370
33 370
32 371
31 371
30 372
30 373
29 374
28 375
28 376
27 377
27 378
28 379
28 380
29 381
29 382
29 383
29 382
30 381
31 380
32 379
33 379
34 380
35 381
35 382
34 383
35 383
36 383
37 383
38 382
39 381
40 381
41 381
42 381
43 382
43 383
44 383
45 383
45 382
46 381
47 381
48 381
49 381
50 381
51 380
52 379
53 378
54 377
55 376
55 375
56 374
56 373
56 372
55 371
55 370
55 369
55 368
54 367
54 366
54 365
54 364
54 363
54 362
55 361
56 361
57 361
58 360
59 359
59 358
59 357
59 356
59 355
59 354
59 353
58 352
58 351
59 350
59 349
59 348
59 347
59 346
59 345
59 344
59 343
59 342
59 341
60 340
60 339
60 338
60 337
60 336
60 335
60 334
60 333
61 332
61 331
61 330
61 329
61 328
61 327
62 326
62 325
62 324
62 323
63 322
63 321
63 320
64 319
64 318
64 317
65 316
65 315
65 314
66 313
67 312
68 312
69 312
70 311
71 311
72 311
73 311
74 310
75 310
76 310
77 310
78 310
79 310
80 309
81 309
82 309
83 309
84 309
85 309
86 309
87 309
88 309
89 308
90 308
91 309
91 310
92 311
92 312
92 313
92 314
92 315
92 316
93 317
93 318
93 319
93 320
93 321
93 322
93 323
93 324
93 325
92 326
92 327
92 328
92 329
92 330
92 331
92 332
93 333
92 334
93 335
93 336
93 337
93 338
93 339
93 340
93 341
93 342
93 343
93 344
93 345
94 346
94 347
94 348
94 349
94 350
94 351
94 352
94 353
94 354
94 355
94 356
94 357
93 358
93 359
93 360
93 361
92 362
92 363
91 364
90 365
89 366
88 366
87 366
86 366
85 367
84 367
83 367
82 367
81 367
80 367
79 368
78 369
78 370
77 371
76 372
76 373
76 374
76 375
76 376
76 377
76 378
76 379
77 380
78 379
77 378
77 377
78 376
79 376
80 376
81 376
82 376
83 377
83 378
83 379
83 380
84 381
85 380
85 379
85 378
85 377
86 376
87 376
88 376
89 376
90 377
90 378
91 379
91 380
91 381
91 382
91 383
92 383
93 383
94 383
95 383
96 383
97 383
98 383
99 383
100 383
101 383
102 382
103 382
104 382
105 382
106 382
107 382
108 382
109 382
110 382
111 382
112 382
113 382
114 382
115 382
116 382
117 382
118 382
119 382
120 382
121 382
122 382
123 382
124 382
125 382
126 382
127 382
128 382
129 382
130 382
131 382
132 382
133 382
134 382
135 382
136 382
137 382
138 382
139 382
140 382
141 382
142 382
143 382
144 382
145 382
146 383
147 383
148 383
149 383
150 383
151 383
152 383
153 383
154 383
155 383
156 383
157 383
158 383
159 383
160 383
161 383
162 383
163 383
164 383
165 383
166 383
167 383
168 383
169 383
170 383
171 383
172 383
173 383
174 383
175 383
176 383
177 383
178 383
179 383
180 383
181 383
182 383
183 383
184 383
185 383
186 383
187 383
188 383
189 383
190 383
191 383
192 383
193 383
194 383
195 383
196 383
197 383
198 383
199 383
200 383
201 383
202 383
203 383
204 383
205 383
206 383
207 383
208 383
209 383
210 383
211 383
212 383
213 383
214 383
215 383
216 383
217 383
218 383
219 383
220 383
221 383
222 383
223 383
224 383
225 383
226 383
227 383
228 383
229 383
230 383
231 383
232 383
233 383
234 382
235 382
236 382
237 382
238 382
238 381
237 381
236 380
235 380
234 379
233 378
233 377
233 376
233 375
233 374
233 373
233 372
232 371
232 370
232 369
232 368
231 367
231 366
230 365
230 364
230 363
230 362
230 361
230 360
229 360
228 361
227 361
226 361
225 361
224 360
223 360
222 360
221 359
221 358
221 357
221 356
221 355
220 354
220 353
220 352
221 351
221 350
220 349
220 348
220 347
219 346
218 346
217 347
216 347
215 346
214 346
213 345
212 344
212 343
212 342
211 341
211 340
211 339
210 338
210 337
210 336
209 335
209 334
210 333
210 332
209 331
209 330
208 329
207 329
206 329
205 329
204 329
203 329
202 329
201 329
200 329
199 329
198 329
197 328
196 328
195 329
194 329
193 328
192 327
191 326
191 325
190 324
190 323
189 322
189 321
189 320
189 319
190 318
191 318
192 318
193 317
194 317
195 317
196 317
197 316
198 316
199 316
200 315
201 315
202 315
203 314
204 314
205 313
206 313
207 312
208 312
209 311
210 311
211 310
212 310
213 309
214 309
215 308
216 308
217 307
218 306
219 306
220 305
221 305
222 304
223 304
223 303
224 302
225 302
226 301
227 300
228 300
229 299
230 298
230 297
231 296
232 295
233 294
233 293
234 292
234 291
234 290
235 289
235 288
235 287
235 286
235 285
236 284
236 283
236 282
236 281
236 280
236 279
236 278
237 277
236 276
237 275
237 274
238 273
238 272
238 271
239 270
239 269
239 268
239 267
240 266
241 265
242 264
242 263
243 262
243 261
243 260
243 259
243 258
243 257
243 256
243 255
243 254
243 253
243 252
243 251
243 250
242 249
242 248
242 247
242 246
242 245
242 244
242 243
242 242
242 241
242 240
242 239
242 238
242 237
242 236
241 235
241 234
241 233
241 232
241 231
241 230
241 229
241 228
240 227
240 226
239 225
240 224
241 223
241 222
241 221
241 220
241 219
241 218
240 217
240 216
239 215
239 214
239 213
239 212
238 211
238 210
238 209
238 208
237 207
236 206
236 205
235 204
235 203
235 202
234 201
234 200
234 199
234 198
234 197
234 196
234 195
234 194
234 193
233 192
233 191
233 190
233 189
233 188
232 187
232 186
232 185
232 184
233 183
233 182
233 181
232 180
232 179
232 178
232 177
232 176
232 175
233 174
233 173
232 172
232 171
233 170
233 169
233 168
234 167
235 166
236 165
237 165
238 165
239 164
240 164
241 163
242 163
243 162
244 161
245 161
246 161
247 160
248 159
249 159
250 160
251 159
252 158
253 159
254 159
255 159
256 159
257 159
258 158
259 158
260 157
261 157
262 157
263 157
264 157
265 156
266 156
267 156
268 156
269 156
270 157
271 157
272 157
273 157
274 157
275 158
274 159
275 159
275 158
275 157
275 156
274 155
275 154
275 153
275 152
274 152
273 151
274 150
275 150
275 149
275 148
275 147
275 146
275 145
275 144
275 143
275 142
275 141
274 141
273 141
272 140
271 140
270 141
269 142
268 142
267 142
266 142
265 142
264 143
263 143
262 143
261 143
260 144
259 144
258 144
257 145
256 145
255 146
254 146
253 145
252 146
252 147
251 148
250 149
249 150
248 150
247 151
246 152
245 151
244 151
243 151
242 151
241 151
240 150
239 150
238 150
237 150
236 150
235 150
234 150
233 149
232 149
231 149
230 149
229 148
228 148
227 148
226 148
225 148
224 148
223 147
222 147
221 147
220 146
219 146
218 145
217 144
217 143
216 143
215 142
214 142
213 142
212 141
211 140
210 140
209 139
209 138
208 138
207 137
207 136
206 135
205 134
204 133
203 132
202 131
202 130
201 129
200 129
199 128
198 128
197 127
196 126
196 125
195 124
194 123
193 123
192 122
191 121
190 121
189 120
188 120
187 119
186 119
185 119
184 118
183 117
183 116
182 116
181 115
180 114
179 113
178 113
177 112
176 112
175 111
176 110
177 109
178 108
179 107
180 106
180 105
181 104
181 103
182 102
182 101
182 100
183 99
184 98
184 97
184 96
185 95
185 94
185 93
186 92
186 91
186 90
186 89
186 88
186 87
187 86
187 85
188 84
189 83
190 82
190 81
190 80
190 79
190 78
190 77
189 76
189 75
189 74
188 73
187 72
186 72
185 71
184 71
183 71
182 71
181 70
180 70
179 70
178 70
177 69
177 68
178 67
179 66
180 66
181 65
182 64
183 63
184 63
185 62
186 61
187 61
188 61
189 60
190 60
191 60
192 60
193 60
194 60
194 59
195 58
196 57
197 56
197 55
197 54
197 53
197 52
196 51
195 50
194 49
195 48
196 48
197 48
198 47
199 47
200 46
201 46
202 46
203 45
203 44
202 43
201 43
200 43
199 43
198 43
197 44
196 44
195 44
194 44
193 44
192 44
191 45
190 45
189 46
188 46
187 47
186 47
185 48
184 48
183 48
182 49
182 50
181 51
180 52
179 53
178 53
177 54
176 55
175 56
174 57
173 58
172 58
171 58
170 59
169 59
168 59
167 59
166 60
165 60
164 61
163 61
162 61
161 62
160 62
159 62
158 63
157 63
156 63
155 63
154 63
153 63
152 63
151 64
150 64
149 64
148 64
147 65
146 65
145 65
144 65
143 65
142 65
141 66
140 66
139 66
138 66
137 66
136 66
135 67
134 67
133 67
132 67
131 68
130 68
129 68
128 69
127 69
126 69
125 69
124 69
123 69
122 69
121 69
120 69
119 69
118 70
117 70
116 70
115 69
115 68
114 67
113 66
113 65
112 64
111 63
111 62
110 61
110 60
110 59
110 58
110 57
110 56
110 55
110 54
110 53
110 52
110 51
110 50
109 49
108 48
108 47
107 46
107 45
106 44
105 44
104 43
103 42
102 42
101 42
100 42
99 41
98 41
97 41
96 41
95 41
94 41
93 41
92 42
91 42
90 42
89 43
88 44
87 45
86 46
85 47
85 48
84 49
83 50
83 51
83 52
83 53
83 54
84 55
84 56
84 57
84 58
84 59
84 60
84 61
84 62
84 63
84 64
84 65
84 66
85 67
85 68
85 69
85 70
85 71
85 72
86 73
86 74
85 75
84 76
84 77
83 78
83 79
82 80
82 81
81 82
81 83
81 84
81 85
80 86
80 87
80 88
80 89
80 90
80 91
80 92
80 93
80 94
80 95
80 96
80 97
80 98
81 99
80 100
80 101
80 102
80 103
79 104
79 105
78 106
77 105
77 104
77 103
77 102
76 101
76 100
76 99
76 98
76 97
76 96
76 95
76 94
77 93
77 92
76 91
76 90
76 89
76 88
77 87
77 86
76 85
76 84
76 83
76 82
77 81
76 80
76 79
76 78
76 77
76 76
76 75
76 74
75 73
75 72
75 71
75 70
75 69
75 68
75 67
75 66
75 65
75 64
75 63
75 62
75 61
75 60
74 59
74 58
74 57
74 56
74 55
74 54
74 53
74 52
74 51
74 50
74 49
74 48
74 47
74 46
75 45
75 44
74 43
74 42
74 41
74 40
74 39
74 38
74 37
74 36
74 35
74 34
74 33
74 32
75 31
76 31
75 30
76 29
75 28
75 27
75 26
76 25
76 24
77 23
76 22
76 21
76 20
76 19
76 18
76 17
76 16
76 15
76 14
75 13
75 12
75 11
75 10
75 9
75 8
75 7
75 6
75 5
75 4
75 3
75 2