277 385
262 5
261 6
260 6
259 6
258 6
257 6
256 6
255 6
254 7
253 7
252 8
251 8
250 9
249 9
248 10
247 11
246 11
245 12
244 13
244 14
243 15
243 16
242 17
242 18
242 19
242 20
242 21
241 22
240 23
240 24
240 25
241 26
242 26
243 26
244 27
245 28
245 29
245 30
245 31
245 32
245 33
246 34
247 34
248 34
249 34
250 33
251 33
252 34
252 35
252 36
253 37
254 38
254 39
255 40
256 41
257 42
257 43
258 43
259 44
260 44
261 45
262 45
263 46
264 46
265 47
266 47
267 48
267 49
267 50
266 51
265 52
264 52
263 53
262 54
261 55
260 56
259 57
258 58
257 59
257 60
256 61
255 62
254 63
253 64
253 65
252 66
252 67
251 68
251 69
250 70
250 71
250 72
249 73
248 73
247 74
246 75
245 76
244 76
243 76
242 76
241 76
240 76
239 77
238 77
237 77
236 77
235 77
234 77
233 77
232 78
231 78
230 78
229 78
228 78
227 78
226 78
225 78
224 77
223 78
222 78
221 78
220 78
219 78
218 78
217 78
216 78
215 79
214 79
213 78
212 78
211 78
210 78
209 78
208 79
207 79
206 80
205 79
204 79
203 78
202 78
201 77
200 77
199 77
198 76
197 76
196 76
195 75
194 75
193 75
192 75
191 74
190 74
189 74
188 73
187 73
186 72
185 72
184 72
183 72
182 72
181 72
180 72
179 72
178 72
177 72
176 72
175 71
174 71
173 71
172 71
171 71
170 71
169 71
168 70
168 69
168 68
168 67
167 66
167 65
167 64
167 63
167 62
168 61
168 60
168 59
168 58
169 57
170 56
171 56
172 56
173 56
174 56
175 56
175 55
175 54
176 53
176 52
176 51
176 50
175 50
174 50
173 50
172 50
171 50
170 50
169 49
169 48
169 47
169 46
169 45
169 44
169 43
169 42
169 41
169 40
168 40
167 40
166 40
165 39
164 39
163 39
162 40
162 41
162 42
162 43
162 44
161 45
161 46
161 47
161 48
161 49
161 50
160 51
159 51
158 51
157 51
156 51
155 52
154 52
153 52
153 53
153 54
153 55
153 56
153 57
153 58
154 58
155 58
156 57
157 57
158 57
159 57
160 57
161 58
160 59
160 60
159 61
158 62
157 61
156 61
155 61
154 61
153 60
152 60
151 60
150 59
149 59
148 59
147 59
146 59
145 58
144 58
143 58
142 57
141 57
140 57
139 57
138 57
137 57
136 56
135 56
134 56
133 56
132 56
131 56
130 56
129 56
128 56
127 56
126 55
125 55
124 55
123 55
122 55
121 55
120 55
119 55
118 55
117 55
116 55
115 55
114 55
113 55
112 55
111 55
110 55
109 55
108 55
107 55
106 55
105 55
104 55
103 55
102 55
101 55
100 55
99 55
98 55
97 55
96 55
95 55
94 55
93 55
92 55
91 55
90 55
89 55
88 55
87 56
86 56
85 56
84 56
83 56
82 56
81 57
80 57
79 57
78 57
77 57
76 57
75 57
74 58
73 58
72 58
71 59
70 59
69 59
68 59
67 59
66 60
65 60
64 60
63 60
62 61
61 61
60 61
59 61
58 62
57 62
56 62
55 63
54 63
53 63
52 64
51 64
50 65
49 66
48 66
47 65
47 64
46 63
46 62
45 61
46 60
47 60
48 60
49 59
50 59
51 59
51 58
51 57
50 56
50 55
50 54
49 54
48 54
47 54
46 54
45 54
44 54
43 54
42 53
42 52
43 51
43 50
43 49
43 48
43 47
43 46
42 45
43 44
43 43
42 43
41 43
40 43
39 43
38 43
37 43
36 43
35 43
34 43
33 43
33 44
33 45
33 46
33 47
33 48
34 49
34 50
34 51
34 52
35 53
35 54
35 55
34 56
33 56
32 56
31 56
30 56
29 56
29 57
29 58
30 59
30 60
30 61
31 62
32 62
33 61
34 61
35 61
36 61
37 62
38 63
38 64
39 65
39 66
40 67
40 68
40 69
40 70
40 71
39 72
39 73
39 74
39 75
39 76
39 77
40 78
40 79
40 80
39 81
39 82
39 83
39 84
39 85
39 86
39 87
39 88
39 89
39 90
39 91
40 92
39 93
39 94
39 95
39 96
39 97
38 98
38 99
39 100
39 101
38 102
38 103
38 104
38 105
38 106
38 107
38 108
38 109
38 110
38 111
38 112
38 113
39 114
39 115
39 116
39 117
39 118
40 119
40 120
40 121
39 122
38 123
37 123
36 123
35 123
34 123
33 123
32 123
31 123
30 123
29 124
28 124
27 124
26 124
25 124
24 124
23 124
22 124
21 124
20 124
19 124
18 124
17 125
16 125
15 125
14 125
13 125
12 126
11 126
10 126
9 126
8 126
7 125
6 124
5 123
4 123
3 123
2 124
1 124
1 125
1 126
1 127
1 128
1 129
1 130
1 131
1 132
1 133
2 133
3 133
4 132
5 132
6 132
7 131
8 130
9 131
10 131
11 131
12 131
13 131
14 131
15 131
16 131
17 131
18 131
19 131
20 131
21 131
22 131
23 131
24 131
25 131
26 131
27 130
28 130
29 130
30 131
30 132
30 133
30 134
30 135
30 136
30 137
31 138
31 139
31 140
31 141
32 142
32 143
32 144
33 145
33 146
32 147
31 147
30 147
29 148
28 148
27 148
26 148
25 148
24 148
23 148
22 148
21 148
20 148
19 148
18 148
17 148
16 148
15 148
14 148
13 147
12 146
11 146
10 146
9 146
8 146
7 146
7 147
7 148
6 149
6 150
6 151
7 152
7 153
7 154
7 155
8 155
9 156
9 155
10 154
11 155
12 155
13 155
14 154
15 154
16 155
17 155
18 155
19 155
20 154
21 154
22 154
23 154
24 154
25 154
26 154
27 154
28 154
29 154
30 154
31 154
32 154
33 154
34 154
35 154
36 154
37 154
38 154
39 154
40 154
41 154
42 155
43 156
43 157
43 158
43 159
43 160
43 161
43 162
43 163
43 164
43 165
43 166
43 167
43 168
43 169
43 170
43 171
43 172
43 173
43 174
43 175
43 176
43 177
43 178
43 179
43 180
44 181
44 182
43 183
43 184
43 185
43 186
43 187
43 188
43 189
43 190
43 191
43 192
43 193
43 194
43 195
43 196
43 197
43 198
43 199
43 200
43 201
43 202
43 203
43 204
43 205
43 206
42 207
43 208
43 209
43 210
43 211
42 212
42 213
42 214
42 215
42 216
42 217
42 218
42 219
43 220
43 221
43 222
43 223
43 224
43 225
43 226
43 227
43 228
43 229
43 230
44 231
44 232
44 233
43 234
43 235
43 236
43 237
43 238
43 239
43 240
44 241
44 242
44 243
44 244
44 245
44 246
44 247
45 248
45 249
45 250
45 251
45 252
45 253
45 254
45 255
45 256
44 257
44 258
44 259
44 260
44 261
45 262
44 263
44 264
44 265
43 266
43 267
43 268
43 269
43 270
42 271
42 272
42 273
42 274
41 275
41 276
41 277
41 278
41 279
40 280
40 281
40 282
40 283
40 284
40 285
40 286
39 287
39 288
39 289
39 290
38 291
38 292
37 293
36 293
35 293
34 293
33 294
32 294
31 294
32 294
33 294
34 294
35 294
36 294
37 294
38 294
39 294
40 294
41 294
42 294
43 294
44 295
45 295
46 295
47 295
48 295
49 296
48 297
47 298
46 297
45 298
44 298
43 298
44 298
45 298
46 298
47 298
48 298
49 298
50 298
51 298
52 298
53 298
54 298
55 298
56 298
57 298
58 298
59 298
60 298
61 298
62 298
63 298
64 298
65 298
66 298
67 298
68 298
69 298
70 298
71 298
72 298
73 298
74 298
75 298
76 298
77 298
78 298
79 298
80 298
81 298
82 298
83 298
84 298
85 298
86 297
87 297
88 297
89 298
90 298
91 298
92 298
93 298
94 298
95 298
96 298
97 298
98 298
99 298
100 298
101 298
102 298
103 298
104 298
105 298
106 298
107 298
108 298
109 298
110 298
111 298
112 298
113 298
114 298
115 298
116 297
117 298
118 298
119 298
120 298
121 298
122 298
123 298
124 297
125 298
126 298
127 298
128 298
129 298
130 298
131 298
132 298
133 298
134 298
135 298
136 298
137 298
138 298
139 298
140 298
141 298
142 298
143 298
144 298
145 298
146 298
147 298
148 298
149 298
150 298
151 298
152 297
153 298
154 298
155 298
156 298
157 298
158 298
159 298
160 298
161 298
162 298
163 298
164 298
164 297
164 296
164 295
164 294
164 293
163 292
164 291
164 290
164 289
164 288
163 287
164 286
164 285
165 284
165 283
165 282
165 281
165 280
165 279
166 278
166 277
166 276
166 275
166 274
166 273
166 272
166 271
167 270
167 269
167 268
168 267
167 266
168 265
168 264
167 263
167 262
167 261
167 260
167 259
167 258
168 257
168 256
169 255
169 254
169 253
169 252
170 251
170 250
170 249
171 248
171 247
171 246
172 245
172 244
172 243
172 242
172 241
172 240
172 239
173 238
173 237
173 236
173 235
173 234
174 233
174 232
174 231
174 230
174 229
174 228
174 227
174 226
175 225
175 224
175 223
175 222
175 221
175 220
175 219
175 218
175 217
175 216
175 215
175 214
175 213
175 212
175 211
176 210
176 209
176 208
176 207
176 206
176 205
176 204
176 203
176 202
175 201
175 200
175 199
175 198
175 197
175 196
175 195
175 194
175 193
176 192
176 191
176 190
176 189
176 188
176 187
176 186
176 185
176 184
177 183
177 182
177 181
176 180
176 179
176 178
176 177
176 176
176 175
176 174
176 173
176 172
176 171
176 170
176 169
176 168
176 167
176 166
176 165
176 164
176 163
176 162
176 161
176 160
176 159
175 158
175 157
175 156
175 155
174 154
174 153
175 152
176 152
177 152
178 151
179 151
180 151
181 151
182 151
183 151
184 151
185 151
186 150
187 150
188 150
189 150
190 150
191 150
192 150
193 150
194 150
195 150
196 149
197 149
198 149
199 149
200 149
201 150
202 150
203 150
204 149
205 149
206 149
207 150
208 150
209 151
210 151
211 151
212 151
213 151
214 150
215 149
215 148
215 147
215 146
215 145
215 144
215 143
215 142
215 141
215 140
214 139
213 139
212 139
211 139
210 139
209 139
208 140
207 141
206 142
205 143
204 143
203 143
202 143
201 143
200 143
199 143
198 144
197 144
196 144
195 144
194 143
193 143
192 143
191 144
190 144
189 144
188 144
187 144
186 144
185 145
184 145
183 145
182 145
181 145
180 145
179 145
178 144
178 143
178 142
179 141
179 140
179 139
178 138
179 137
179 136
179 135
179 134
179 133
179 132
179 131
178 130
179 129
179 128
179 127
180 126
181 126
182 125
183 125
184 125
185 125
186 125
187 124
188 124
189 124
190 124
191 124
192 124
193 124
194 124
195 124
196 124
197 124
198 124
199 124
200 124
201 124
202 123
203 124
204 125
204 126
205 127
206 128
207 129
208 129
209 129
210 129
211 129
212 129
213 129
214 128
215 128
215 127
216 126
216 125
216 124
216 123
216 122
216 121
216 120
216 119
216 118
216 117
216 116
216 115
216 114
215 113
214 113
213 112
212 112
211 111
210 111
209 112
208 112
207 113
206 114
206 115
205 116
204 117
203 118
202 119
201 119
200 119
199 119
198 119
197 119
196 119
195 119
194 119
193 119
192 119
191 119
190 119
189 119
188 119
187 119
186 119
185 119
184 119
183 119
182 119
181 119
180 119
179 119
178 119
177 119
176 119
175 119
174 119
173 119
172 119
171 119
170 118
170 117
170 116
170 115
170 114
170 113
170 112
170 111
170 110
170 109
170 108
170 107
171 106
171 105
171 104
171 103
171 102
171 101
171 100
171 99
171 98
170 97
170 96
170 95
170 94
170 93
170 92
170 91
170 90
170 89
170 88
170 87
170 86
170 85
170 84
170 83
170 82
170 81
170 80
170 79
171 78
172 78
173 78
174 78
175 78
176 78
177 79
176 80
175 81
175 82
175 83
175 84
175 85
175 86
174 87
175 88
175 89
176 89
177 90
178 90
179 90
180 90
181 90
182 91
183 91
184 90
184 89
183 88
182 88
181 88
180 87
181 86
182 86
183 86
184 86
185 86
186 86
187 86
188 86
189 87
190 87
191 87
192 87
193 87
194 87
195 88
196 88
197 88
198 88
199 88
200 88
201 88
202 88
203 88
204 88
205 88
206 88
207 88
208 89
208 90
208 91
208 92
209 93
210 94
211 94
212 94
213 94
214 94
215 93
216 92
217 92
218 93
219 93
220 93
221 93
222 93
223 93
224 93
225 93
226 93
227 93
228 93
229 93
230 93
231 93
232 93
233 93
234 93
235 92
236 92
237 92
238 92
239 92
240 92
241 92
242 92
243 91
244 91
245 91
246 91
247 91
248 91
249 91
250 91
251 91
252 91
253 91
254 92
254 93
254 94
253 95
253 96
253 97
253 98
253 99
253 100
253 101
252 102
252 103
252 104
251 105
251 106
251 107
250 108
250 109
250 110
249 111
249 112
249 113
248 114
248 115
248 116
248 117
247 118
247 119
247 120
247 121
247 122
246 123
246 124
246 125
245 126
245 127
245 128
244 129
244 130
243 131
243 132
242 133
242 134
242 135
241 136
241 137
241 138
240 139
240 140
239 141
239 142
239 143
238 144
239 145
238 146
238 147
238 148
238 149
238 150
238 151
237 152
237 153
236 154
236 155
236 156
237 157
237 158
236 159
236 160
236 161
236 162
236 163
236 164
235 165
235 166
235 167
235 168
235 169
235 170
235 171
235 172
235 173
235 174
235 175
235 176
235 177
235 178
234 179
234 180
234 181
234 182
234 183
234 184
234 185
234 186
234 187
234 188
233 189
233 190
233 191
233 192
233 193
233 194
232 195
232 196
232 197
232 198
232 199
231 200
231 201
231 202
230 203
230 204
230 205
229 206
229 207
229 208
228 209
228 210
228 211
228 212
228 213
229 214
229 215
230 216
230 217
231 218
232 219
233 220
234 221
235 222
236 222
237 223
238 224
239 225
240 226
241 227
242 228
243 228
244 229
245 229
246 230
247 231
248 231
249 232
250 232
251 232
252 233
253 234
254 234
255 234
256 235
257 235
258 236
259 236
260 237
261 237
262 237
263 238
264 238
265 239
266 239
267 239
268 240
269 240
270 240
271 241
271 242
271 243
271 244
271 245
271 246
270 247
270 248
269 249
269 250
269 251
269 252
269 253
268 254
268 255
267 256
267 257
267 258
266 259
266 260
266 261
266 262
266 263
265 264
265 265
264 266
263 267
262 267
261 268
260 269
259 270
258 271
257 272
256 273
255 274
254 275
253 276
252 277
251 278
250 278
249 279
248 280
247 281
246 281
245 282
245 283
244 284
243 285
242 286
241 286
240 286
241 286
242 286
243 286
244 286
245 286
246 286
247 286
248 286
249 286
250 286
251 286
252 286
253 285
254 284
255 284
256 283
257 283
258 282
259 282
260 281
261 280
262 280
263 279
264 279
265 278
266 278
267 277
268 277
269 277
270 276
271 276
272 276
273 276
274 275
275 275
276 274
276 273
277 272
276 271
276 270
276 269
275 268
274 267
274 266
274 265
275 264
275 263
275 262
275 261
275 260
276 259
276 258
276 257
276 256
277 255
277 254
277 253
278 252
279 251
280 250
280 249
281 248
281 247
281 246
282 245
283 244
284 245
285 245
286 245
287 246
288 246
289 246
290 246
291 246
292 246
293 246
294 246
295 246
296 247
297 247
298 247
299 247
300 246
301 247
302 247
303 247
304 247
305 246
306 246
307 246
308 246
309 246
310 246
311 246
312 246
313 245
314 245
315 245
316 244
317 244
318 244
319 244
320 243
321 243
322 242
323 242
324 242
325 241
326 240
327 240
328 239
329 238
330 238
331 237
332 236
333 236
334 237
334 238
335 239
335 240
335 241
336 242
336 243
337 244
337 245
337 246
337 247
338 248
338 249
338 250
338 251
339 252
339 253
339 254
339 255
339 256
339 257
340 258
340 259
340 260
340 261
340 262
341 263
341 264
341 265
341 266
341 267
341 268
341 269
341 270
341 271
341 272
341 273
340 274
341 275
341 276
342 277
342 278
343 279
344 280
345 281
346 282
347 283
348 284
348 285
349 286
349 287
350 288
350 289
351 290
352 291
353 292
354 292
355 293
355 294
356 295
357 295
358 296
358 297
359 297
360 297
361 297
362 297
363 297
364 297
364 296
365 295
365 294
365 293
365 292
365 291
364 290
364 289
364 288
364 287
364 286
363 285
363 284
363 283
362 282
361 281
360 280
359 279
358 278
357 277
356 276
355 275
354 274
354 273
353 273
352 272
351 271
350 270
350 269
350 268
349 267
348 266
349 265
349 264
350 263
350 262
350 261
351 260
350 259
351 258
351 257
351 256
350 255
351 254
350 253
350 252
350 251
350 250
350 249
350 248
350 247
350 246
350 245
350 244
349 243
349 242
349 241
348 240
348 239
348 238
347 237
347 236
347 235
348 234
348 233
347 232
347 231
347 230
347 229
347 228
347 227
347 226
348 225
349 224
350 223
351 223
352 222
353 221
354 220
355 219
356 218
357 217
358 216
359 216
360 215
361 214
362 213
363 212
364 212
365 211
366 210
367 209
368 208
369 207
370 206
371 205
372 204
373 203
374 202
375 201
376 200
377 199
378 198
378 197
379 196
379 195
380 194
380 193
381 192
381 191
381 190
381 189
381 188
382 187
382 186
382 185
382 184
382 183
382 182
382 181
382 180
382 179
382 178
382 177
382 176
382 175
383 174
383 173
383 172
383 171
382 170
382 169
382 168
382 167
382 166
382 165
383 164
384 163
384 162
384 161
384 160
384 159
384 158
384 157
383 156
383 155
383 154
382 153
382 152
382 151
381 150
381 149
381 148
380 147
379 146
379 145
379 144
378 143
378 142
377 141
377 140
376 139
376 138
376 137
375 136
375 135
374 134
374 133
373 132
373 131
372 130
372 129
372 128
372 127
371 126
372 125
373 124
373 123
372 122
372 121
372 120
372 119
371 118
370 117
370 116
369 115
369 114
368 113
368 112
367 111
366 110
366 109
365 108
364 107
363 106
362 105
362 104
361 103
360 102
360 101
359 100
358 99
357 98
357 97
356 96
356 95
355 94
355 93
354 92
354 91
354 90
353 89
353 88
352 87
351 86
351 85
350 84
350 83
349 82
349 81
348 80
348 79
348 78
347 77
347 76
346 75
346 74
345 73
345 72
345 71
344 70
344 69
344 68
343 67
343 66
343 65
342 64
342 63
342 62
341 61
341 60
341 59
341 58
341 57
342 56
343 56
344 56
345 56
346 56
347 55
348 55
349 55
350 55
351 54
352 54
353 55
354 54
355 54
356 54
357 54
358 54
359 54
360 54
361 54
362 53
363 53
364 53
365 53
366 53
367 53
368 53
369 53
370 53
371 52
372 52
373 52
374 52
375 52
376 52
377 52
378 52
379 51
380 50
381 50
382 51
383 51
384 51
385 52
386 52
387 51
388 50
389 49
390 48
391 48
392 48
393 48
394 48
395 47
396 47
397 48
398 47
399 47
400 47
401 47
402 48
402 49
402 50
403 51
404 52
404 53
404 54
404 55
404 56
404 57
404 58
405 59
405 60
405 61
405 62
405 63
405 64
405 65
406 66
406 67
406 68
406 69
407 70
407 71
406 72
406 73
406 74
406 75
406 76
406 77
406 78
406 79
406 80
406 81
406 82
406 83
406 84
406 85
406 86
406 87
406 88
406 89
406 90
406 91
406 92
406 93
406 94
406 95
407 96
407 97
408 98
408 99
408 100
407 101
408 102
408 103
408 104
407 105
406 106
405 106
404 106
403 107
402 107
401 107
400 107
399 107
398 108
397 108
396 108
395 108
394 108
393 108
392 108
391 108
390 109
389 109
388 109
387 109
386 109
385 109
384 109
385 110
385 111
385 112
385 113
385 114
385 115
385 116
385 117
385 118
385 119
385 120
385 121
385 122
386 123
385 124
386 125
386 126
386 127
386 128
387 129
387 130
387 131
387 132
387 133
387 134
388 135
387 136
387 137
387 138
387 139
387 140
387 141
387 142
388 141
388 140
388 139
388 138
389 137
390 137
391 138
392 139
391 140
391 141
392 142
393 142
393 141
393 140
393 139
394 138
395 139
395 140
395 141
395 142
395 143
396 144
396 145
396 146
397 147
397 148
397 149
397 150
397 151
397 152
397 153
398 154
398 155
398 156
398 157
398 158
398 159
398 160
398 161
398 162
399 163
399 164
399 165
399 166
399 167
399 168
399 169
399 170
399 171
399 172
399 173
400 174
400 175
400 176
400 177
401 178
401 179
401 180
401 181
401 182
401 183
401 184
401 185
402 186
402 187
402 188
402 189
402 190
402 191
402 192
402 193
402 194
402 195
402 196
403 197
403 198
403 199
403 200
403 201
403 202
403 203
403 204
403 205
403 206
403 207
403 208
403 209
403 210
404 211
404 212
403 213
403 214
404 215
403 216
404 217
404 218
404 219
404 220
404 221
404 222
405 223
405 224
405 225
405 226
405 227
405 228
405 229
405 230
405 231
406 232
406 233
406 234
406 235
406 236
406 237
407 238
407 239
407 240
407 241
407 242
407 243
408 244
407 245
407 246
407 247
407 248
406 249
406 250
407 251
407 252
407 253
407 254
406 255
406 256
406 257
406 258
406 259
406 260
406 261
406 262
406 263
406 264
406 265
406 266
406 267
405 268
404 268
403 269
402 269
401 269
400 269
399 269
399 270
399 271
399 272
399 273
398 274
398 275
398 276
397 277
397 278
396 279
395 279
394 279
393 280
392 280
391 280
390 280
389 280
389 281
389 282
388 283
389 284
388 285
388 286
388 287
388 288
388 289
388 290
388 291
388 292
389 293
390 294
390 295
390 296
389 297
389 298
390 298
391 298
392 298
393 298
394 298
395 298
396 298
397 298
398 298
399 298
400 298
401 298
402 298
403 298
404 298
405 298
406 297
407 298
408 298
409 298
410 298
411 298
412 298
413 298
414 298
415 298
416 298
417 298
418 298
419 298
420 298
421 298
422 298
423 298
424 298
425 298
426 298
427 298
428 298
429 298
430 298
431 298
432 298
433 298
434 298
435 298
436 298
437 298
438 298
439 298
440 298
441 298
442 298
443 298
444 298
445 298
446 298
447 298
448 298
449 298
450 298
451 298
452 298
453 298
454 298
455 298
456 298
457 298
458 298
459 298
460 298
461 298
462 298
463 298
464 298
465 298
466 298
467 298
468 298
469 298
470 298
471 298
472 298
473 298
474 298
475 298
476 298
477 298
478 298
479 298
480 298
481 298
482 298
483 298
484 298
485 298
486 298
487 298
488 298
489 298
490 298
491 298
492 298
493 298
494 298
495 298
496 298
497 298
498 298
499 298
500 298
501 298
502 298
503 298
504 298
505 298
506 298
507 298
508 298
509 298
510 298
511 298
512 298
513 298
514 298
515 298
516 298
517 298
518 298
519 298
520 298
521 298
522 298
523 298
524 298
525 298
526 298
527 298
528 298
529 298
529 297
529 296
529 295
529 294
529 293
529 292
529 291
529 290
529 289
529 288
529 287
529 286
529 285
529 284
529 283
529 282
529 281
529 280
529 279
529 278
529 277
529 276
529 275
529 274
529 273
529 272
529 271
529 270
529 269
529 268
528 268
528 269
528 270
528 271
527 272
526 272
525 273
524 272
523 272
522 272
521 271
521 270
522 269
522 268
521 267
522 266
522 265
521 264
521 263
520 262
519 262
518 262
517 261
517 260
517 259
517 258
518 257
518 256
518 255
518 254
517 253
517 252
517 251
516 250
516 249
517 248
517 247
517 246
518 245
518 244
518 243
518 242
519 241
519 240
519 239
519 238
519 237
519 236
519 235
519 234
520 233
520 232
520 231
520 230
520 229
520 228
520 227
520 226
520 225
520 224
520 223
520 222
520 221
520 220
520 219
520 218
521 217
521 216
521 215
521 214
521 213
521 212
521 211
521 210
521 209
521 208
521 207
521 206
521 205
521 204
521 203
521 202
521 201
521 200
521 199
521 198
521 197
521 196
521 195
521 194
521 193
521 192
520 191
520 190
520 189
520 188
520 187
520 186
520 185
519 184
519 183
519 182
519 181
519 180
519 179
519 178
519 177
519 176
519 175
519 174
519 173
518 172
518 171
518 170
518 169
518 168
518 167
518 166
518 165
518 164
518 163
518 162
518 161
518 160
518 159
517 158
517 157
517 156
517 155
516 154
516 153
516 152
516 151
515 150
515 149
515 148
515 147
514 146
514 145
514 144
514 143
514 142
513 141
513 140
513 139
513 138
513 137
513 136
513 135
513 134
513 133
512 132
512 131
513 130
514 130
515 131
516 131
516 130
517 129
518 130
518 131
519 131
519 130
519 129
519 128
519 127
519 126
519 125
519 124
519 123
519 122
518 122
517 121
517 120
517 119
517 118
517 117
516 116
516 115
516 114
516 113
515 112
515 111
514 110
514 109
513 108
513 107
513 106
512 105
512 104
512 103
512 102
512 101
512 100
512 99
511 99
510 99
509 99
508 99
507 99
506 99
505 99
504 99
503 100
502 100
501 100
500 100
499 100
498 100
497 100
496 100
495 100
494 99
493 98
493 97
493 96
493 95
493 94
493 93
493 92
493 91
493 90
493 89
493 88
493 87
493 86
493 85
493 84
493 83
493 82
492 81
492 80
492 79
492 78
492 77
492 76
492 75
492 74
492 73
492 72
492 71
491 70
491 69
491 68
491 67
491 66
491 65
491 64
491 63
491 62
491 61
491 60
491 59
491 58
491 57
492 56
492 55
492 54
492 53
492 52
491 51
491 50
491 49
492 48
493 47
494 46
494 45
494 44
493 43
492 42
491 42
490 41
489 42
488 42
487 42
486 42
485 42
484 42
483 42
482 42
481 42
480 42
479 42
478 42
477 41
476 42
475 42
474 41
473 41
472 41
471 41
470 41
469 41
468 41
467 41
466 41
465 41
464 41
463 41
462 41
461 41
460 41
459 40
458 39
459 38
460 37
460 36
460 35
460 34
460 33
459 32
459 31
458 30
457 30
456 29
455 29
454 29
453 29
452 29
451 30
450 31
449 32
449 33
449 34
449 35
449 36
449 37
450 38
451 39
451 40
451 41
450 42
449 42
448 43
447 43
446 43
445 43
444 43
443 43
442 43
441 43
440 44
439 44
438 44
437 44
436 44
435 44
434 44
433 44
432 45
431 45
430 45
429 45
428 45
427 45
426 44
425 43
424 42
423 42
422 42
421 41
422 40
423 40
424 40
425 40
426 41
427 41
428 40
428 39
427 39
426 38
425 38
424 38
423 38
422 38
421 37
420 37
419 37
418 36
419 35
420 35
421 35
422 35
423 35
424 35
425 35
426 35
427 35
428 34
429 34
430 34
431 34
430 33
430 32
429 32
428 32
427 32
426 31
426 30
426 29
426 28
425 28
424 29
423 30
422 30
421 30
420 30
419 29
418 28
417 28
416 28
415 28
414 28
413 28
412 28
411 28
410 28
409 28
408 28
407 29
406 29
405 29
404 29
403 29
402 29
401 29
400 29
399 29
398 30
397 31
396 32
395 32
394 32
393 32
392 32
391 33
390 34
389 34
388 35
387 36
388 36
389 35
390 35
391 34
392 34
393 34
394 34
395 34
396 34
397 34
398 33
399 33
400 33
401 33
402 33
403 33
404 33
405 33
406 34
407 34
408 35
407 36
406 36
405 36
404 36
403 36
402 36
401 35
400 35
399 36
398 36
397 36
396 36
395 37
394 37
393 37
392 38
391 38
392 38
393 38
394 38
395 38
396 38
397 38
398 37
399 38
400 37
401 37
402 37
403 37
404 37
405 37
406 37
407 37
408 37
409 37
410 37
411 37
412 38
411 39
410 39
409 39
408 39
407 39
407 40
408 40
409 40
410 40
411 40
412 40
413 40
414 40
415 41
416 41
417 41
418 41
419 41
420 42
420 43
419 44
418 43
417 43
416 43
415 43
414 43
413 43
412 43
411 43
410 43
409 43
408 43
407 43
406 43
405 43
404 43
403 43
402 44
401 45
400 45
399 46
398 46
397 46
396 47
395 47
394 47
393 47
392 47
391 47
390 48
389 48
388 47
387 47
386 47
385 46
385 45
384 44
384 43
384 42
384 41
384 40
384 39
385 38
385 37
384 37
383 37
382 37
381 37
380 37
379 38
378 38
377 38
376 39
375 38
374 38
373 39
372 38
371 38
370 39
369 39
368 39
367 39
366 39
365 39
364 39
363 39
362 38
361 38
360 38
359 38
358 38
357 38
356 38
355 38
354 38
353 39
352 39
351 39
350 39
349 38
348 38
347 38
346 38
345 38
344 38
343 38
342 38
341 38
340 38
339 38
338 38
337 37
336 37
335 37
334 36
333 36
332 35
331 35
330 35
329 34
328 34
327 34
326 34
325 34
324 34
323 33
322 33
321 33
320 33
319 33
318 33
317 33
316 33
315 33
314 33
313 33
312 33
311 34
310 33
309 33
308 33
307 32
306 32
305 32
304 33
303 33
302 33
301 33
300 33
299 33
298 33
297 33
296 33
295 33
294 33
293 33
292 34
291 34
290 34
289 35
288 35
287 35
286 35
285 34
284 33
283 32
282 31
281 30
280 29
279 28
279 27
280 26
281 25
281 24
282 23
282 22
281 21
281 20
280 19
280 18
280 17
280 16
279 15
279 14
278 13
277 12
276 11
275 10
274 10
273 9
272 8
271 8
270 8
269 7
268 7
267 6
266 6
265 6
264 6
263 6