230 370
96 13
96 14
95 15
95 16
94 17
94 18
95 19
95 20
95 21
96 22
96 23
97 24
97 25
98 26
97 27
97 28
96 29
96 30
96 31
96 32
95 33
95 34
94 35
93 36
93 37
93 38
93 39
92 40
92 41
91 42
90 43
89 44
88 45
87 46
86 47
86 48
85 49
84 50
84 51
83 52
83 53
82 54
81 55
80 56
79 57
78 58
78 59
77 60
76 61
75 62
75 63
74 64
73 65
73 66
72 67
71 68
70 69
70 70
69 71
69 72
68 73
67 74
66 75
66 76
66 77
65 78
64 79
63 80
62 80
61 81
60 82
59 83
58 84
58 85
57 86
56 86
55 85
54 84
54 83
54 82
54 81
54 80
54 79
54 78
54 77
54 76
54 75
54 74
53 73
53 72
53 71
53 70
53 69
52 68
52 67
52 66
53 65
53 64
54 63
53 63
52 63
51 63
50 63
49 62
48 61
47 60
47 59
46 58
45 57
44 56
44 55
43 54
43 53
42 52
41 51
40 50
40 49
39 48
38 47
38 46
38 45
37 44
36 43
35 42
34 41
34 40
34 39
33 38
33 37
34 36
34 35
34 34
33 33
33 32
33 31
33 30
33 29
33 28
34 27
34 26
34 25
33 24
32 24
31 23
30 23
29 23
28 23
27 23
26 23
25 23
24 23
23 24
23 25
22 26
22 27
23 28
23 29
23 30
23 31
24 32
24 33
23 34
23 35
22 36
22 37
21 38
20 39
20 40
20 41
19 42
20 41
21 42
21 43
21 44
21 45
20 46
20 47
19 48
19 49
18 50
18 51
17 52
17 53
16 54
16 55
15 56
15 57
15 58
15 59
14 60
14 61
14 62
13 63
13 64
13 65
13 66
13 67
13 68
13 69
13 70
12 71
12 72
12 73
12 74
12 75
12 76
12 77
12 78
12 79
12 80
12 81
12 82
12 83
12 84
12 85
12 86
12 87
12 88
12 89
13 90
13 91
13 92
13 93
14 94
14 95
14 96
13 97
12 98
11 99
11 100
10 101
10 102
11 103
12 104
13 105
14 106
14 107
14 108
14 109
14 110
13 111
13 112
13 113
13 114
13 115
13 116
13 117
13 118
13 119
13 120
13 121
13 122
13 123
13 124
13 125
13 126
13 127
14 128
14 129
14 130
14 131
14 132
14 133
14 134
14 135
14 136
15 137
15 138
15 139
15 140
15 141
16 142
16 143
16 144
16 145
16 146
16 147
16 148
15 149
15 150
15 151
16 152
16 153
16 154
16 155
16 156
16 157
16 158
16 159
16 160
15 161
15 162
15 163
15 164
14 165
14 166
14 167
14 168
13 169
13 170
13 171
13 172
13 173
13 174
13 175
14 176
14 177
14 178
14 179
14 180
14 181
14 182
14 183
14 184
15 185
15 186
14 187
13 187
12 186
11 186
10 186
10 187
10 188
10 189
10 190
10 191
10 192
10 193
10 194
10 195
10 196
10 197
10 198
10 199
11 200
12 201
12 202
13 203
14 203
15 204
15 205
15 206
15 207
15 208
15 209
15 210
15 211
14 212
14 213
14 214
14 215
14 216
14 217
15 218
15 219
15 220
15 221
15 222
15 223
15 224
15 225
15 226
15 227
16 228
16 229
16 230
16 231
17 232
17 233
18 234
18 235
18 236
17 237
17 238
17 239
17 240
17 241
17 242
17 243
17 244
17 245
17 246
17 247
17 248
17 249
17 250
17 251
17 252
17 253
17 254
16 255
16 256
16 257
16 258
16 259
16 260
16 261
15 262
15 263
15 264
15 265
15 266
16 267
16 268
16 269
16 270
15 271
15 272
15 273
15 274
15 275
15 276
15 277
15 278
15 279
15 280
15 281
15 282
15 283
15 284
15 285
15 286
15 287
15 288
15 289
15 290
15 291
15 292
15 293
15 294
15 295
15 296
15 297
15 298
15 299
15 300
15 301
15 302
15 303
15 304
15 305
14 306
14 307
14 308
15 309
15 310
15 311
15 312
15 313
15 314
15 315
15 316
15 317
15 318
15 319
15 320
14 321
14 322
14 323
14 324
14 325
13 326
13 327
13 328
13 329
13 330
13 331
13 332
13 333
13 334
13 335
13 336
13 337
13 338
13 339
13 340
13 341
14 342
14 343
14 344
14 345
14 346
14 347
14 348
14 349
14 350
14 351
14 352
14 353
14 354
13 355
14 356
14 357
13 358
13 359
13 360
12 361
12 362
12 363
12 364
12 365
12 366
12 367
13 367
14 367
15 367
16 367
17 367
18 367
19 367
20 367
21 367
22 367
23 367
24 367
25 367
26 367
27 367
28 367
29 367
30 367
31 367
32 367
33 367
34 367
35 367
36 367
37 367
38 367
39 367
40 367
41 367
42 367
43 367
44 367
45 367
46 367
47 367
48 367
49 367
50 367
51 367
52 367
53 367
54 367
55 367
56 367
57 367
58 367
59 367
60 367
61 367
62 367
63 367
64 367
65 367
66 367
67 367
68 367
69 367
70 367
71 367
72 367
73 367
74 367
75 367
76 367
77 367
78 367
79 367
80 367
81 367
82 367
83 367
84 367
85 367
86 367
87 367
88 367
89 367
90 367
91 367
92 367
93 367
94 367
95 367
96 367
97 367
98 367
99 367
100 367
101 367
102 367
103 367
104 367
105 367
106 367
107 367
108 367
109 367
110 367
111 367
112 367
113 367
114 367
115 367
116 367
117 367
118 367
119 367
120 367
121 367
122 367
123 367
124 367
125 367
126 367
127 367
128 367
129 367
130 367
131 367
132 367
133 367
134 367
135 367
136 367
137 367
138 367
139 367
140 367
141 367
142 367
143 367
144 367
145 367
146 367
147 367
148 367
149 367
150 367
151 367
152 367
153 367
154 367
155 367
156 367
157 367
158 367
159 367
160 367
161 367
162 367
163 367
164 367
165 367
166 367
167 367
168 367
169 367
170 367
171 367
172 367
173 367
174 367
175 367
176 367
177 367
178 367
179 367
180 367
181 367
182 367
183 367
184 367
185 367
186 367
187 367
188 367
189 367
190 367
191 367
192 367
193 367
194 367
195 367
196 367
197 367
198 367
199 367
200 367
201 367
202 367
203 367
204 367
205 367
206 367
207 367
208 367
209 367
210 367
211 367
212 367
213 367
214 367
215 367
216 367
217 367
218 367
219 367
219 366
219 365
219 364
219 363
219 362
219 361
219 360
219 359
219 358
219 357
219 356
219 355
219 354
219 353
219 352
219 351
219 350
219 349
219 348
219 347
219 346
219 345
219 344
219 343
219 342
219 341
219 340
219 339
219 338
219 337
219 336
219 335
219 334
219 333
219 332
219 331
219 330
219 329
219 328
219 327
219 326
219 325
219 324
219 323
219 322
219 321
219 320
219 319
219 318
219 317
219 316
219 315
219 314
219 313
219 312
219 311
219 310
219 309
219 308
219 307
219 306
219 305
219 304
219 303
219 302
219 301
219 300
219 299
219 298
219 297
219 296
219 295
219 294
219 293
219 292
219 291
219 290
219 289
219 288
219 287
219 286
219 285
219 284
219 283
219 282
219 281
219 280
219 279
219 278
219 277
219 276
219 275
219 274
219 273
219 272
219 271
219 270
219 269
219 268
219 267
219 266
219 265
219 264
219 263
219 262
219 261
219 260
219 259
219 258
219 257
219 256
219 255
219 254
219 253
219 252
219 251
219 250
219 249
219 248
219 247
219 246
219 245
219 244
219 243
219 242
219 241
219 240
219 239
219 238
219 237
219 236
219 235
219 234
219 233
219 232
219 231
219 230
219 229
219 228
219 227
219 226
219 225
218 225
217 224
217 223
216 222
216 221
216 220
216 219
216 218
216 217
216 216
216 215
215 214
215 213
214 212
214 211
214 210
214 209
215 208
215 207
216 206
217 206
216 205
215 204
214 203
214 202
214 201
214 200
214 199
215 198
215 197
215 196
215 195
215 194
215 193
215 192
215 191
215 190
214 189
213 189
212 188
212 187
211 186
210 186
209 186
208 185
207 184
207 183
206 182
205 181
204 180
204 179
204 178
204 177
204 176
204 175
203 175
202 174
202 173
202 172
202 171
202 170
202 169
202 168
202 167
202 166
202 165
202 164
202 163
202 162
202 161
202 160
202 159
202 158
202 157
202 156
202 155
202 154
202 153
202 152
202 151
202 150
201 149
201 148
201 147
201 146
201 145
200 144
200 143
200 142
200 141
200 140
199 139
199 138
199 137
199 136
199 135
199 134
199 133
199 132
199 131
199 130
198 129
198 128
198 127
198 126
198 125
198 124
198 123
198 122
198 121
198 120
198 119
198 118
198 117
198 116
198 115
198 114
198 113
198 112
198 111
198 110
198 109
198 108
198 107
198 106
198 105
198 104
198 103
198 102
198 101
198 100
198 99
198 98
198 97
198 96
198 95
198 94
198 93
198 92
198 91
198 90
198 89
198 88
198 87
198 86
198 85
198 84
198 83
198 82
198 81
198 80
198 79
197 78
197 77
197 76
197 75
196 74
196 73
197 72
197 71
197 70
197 69
197 68
197 67
197 66
196 65
196 64
196 63
197 62
198 61
197 60
197 59
196 58
195 57
195 56
194 55
193 54
193 53
192 52
192 51
191 50
190 49
189 48
190 47
189 47
188 47
187 47
186 46
185 45
184 45
183 46
182 47
181 46
180 45
180 44
179 43
178 42
179 41
180 41
181 42
181 41
180 40
179 39
178 38
178 37
177 36
177 35
176 35
175 35
174 35
173 35
172 35
171 35
170 35
169 35
168 35
167 35
167 36
166 37
165 38
164 39
163 39
163 40
163 41
163 42
163 43
163 44
163 45
163 46
163 47
163 48
163 49
164 50
164 51
163 52
163 53
162 54
162 55
161 56
161 57
160 58
160 59
159 60
158 61
157 62
157 63
156 64
155 65
154 66
155 67
155 68
156 69
156 70
157 71
157 72
157 73
158 74
158 75
158 76
158 77
158 78
158 79
158 80
158 81
158 82
158 83
157 84
156 85
155 84
154 83
153 82
152 81
151 80
150 79
149 78
149 77
148 76
147 75
147 74
146 73
145 72
144 71
144 70
143 69
142 68
142 67
141 66
140 65
139 64
138 63
137 62
136 61
135 60
134 59
134 58
133 57
132 56
132 55
131 54
130 53
129 52
128 51
127 50
126 50
125 49
125 48
125 47
124 46
123 45
122 44
121 43
120 42
119 42
118 41
117 40
117 39
116 38
116 37
115 36
115 35
114 34
113 33
112 32
112 31
112 30
112 29
112 28
111 27
111 26
110 25
110 24
110 23
111 22
111 21
111 20
111 19
111 18
111 17
110 16
109 15
109 14
109 13
108 13
107 13
106 13
105 13
104 13
103 13
102 13
101 13
100 13
99 13
98 13
97 13